MSE: 0.29786
MAE: 0.39845
RMSE: 0.54577